/*--------------------------------*- C++ -*----------------------------------*\
| =========                 |                                                 |
| \\      /  F ield         | OpenFOAM: The Open Source CFD Toolbox           |
|  \\    /   O peration     | Version:  5.x                                   |
|   \\  /    A nd           | Web:      www.OpenFOAM.org                      |
|    \\/     M anipulation  |                                                 |
\*---------------------------------------------------------------------------*/
FoamFile
{
    version     2.0;
    format      ascii;
    class       labelList;
    note        "nPoints: 8320 nCells: 4000 nFaces: 16160 nInternalFaces: 7840";
    location    "constant/polyMesh";
    object      neighbour;
}
// * * * * * * * * * * * * * * * * * * * * * * * * * * * * * * * * * * * * * //


7840
(
1
20
2
21
3
22
4
23
5
24
6
25
7
26
8
27
9
28
10
29
11
30
12
31
13
32
14
33
15
34
16
35
17
36
18
37
19
38
39
1200
21
40
22
41
23
42
24
43
25
44
26
45
27
46
28
47
29
48
30
49
31
50
32
51
33
52
34
53
35
54
36
55
37
56
38
57
39
58
59
1210
41
60
42
61
43
62
44
63
45
64
46
65
47
66
48
67
49
68
50
69
51
70
52
71
53
72
54
73
55
74
56
75
57
76
58
77
59
78
79
1220
61
80
62
81
63
82
64
83
65
84
66
85
67
86
68
87
69
88
70
89
71
90
72
91
73
92
74
93
75
94
76
95
77
96
78
97
79
98
99
1230
81
100
82
101
83
102
84
103
85
104
86
105
87
106
88
107
89
108
90
109
91
110
92
111
93
112
94
113
95
114
96
115
97
116
98
117
99
118
119
1240
101
120
102
121
103
122
104
123
105
124
106
125
107
126
108
127
109
128
110
129
111
130
112
131
113
132
114
133
115
134
116
135
117
136
118
137
119
138
139
1250
121
140
122
141
123
142
124
143
125
144
126
145
127
146
128
147
129
148
130
149
131
150
132
151
133
152
134
153
135
154
136
155
137
156
138
157
139
158
159
1260
141
160
142
161
143
162
144
163
145
164
146
165
147
166
148
167
149
168
150
169
151
170
152
171
153
172
154
173
155
174
156
175
157
176
158
177
159
178
179
1270
161
180
162
181
163
182
164
183
165
184
166
185
167
186
168
187
169
188
170
189
171
190
172
191
173
192
174
193
175
194
176
195
177
196
178
197
179
198
199
1280
181
200
182
201
183
202
184
203
185
204
186
205
187
206
188
207
189
208
190
209
191
210
192
211
193
212
194
213
195
214
196
215
197
216
198
217
199
218
219
1290
201
220
202
221
203
222
204
223
205
224
206
225
207
226
208
227
209
228
210
229
211
230
212
231
213
232
214
233
215
234
216
235
217
236
218
237
219
238
239
1300
221
240
222
241
223
242
224
243
225
244
226
245
227
246
228
247
229
248
230
249
231
250
232
251
233
252
234
253
235
254
236
255
237
256
238
257
239
258
259
1310
241
260
242
261
243
262
244
263
245
264
246
265
247
266
248
267
249
268
250
269
251
270
252
271
253
272
254
273
255
274
256
275
257
276
258
277
259
278
279
1320
261
280
262
281
263
282
264
283
265
284
266
285
267
286
268
287
269
288
270
289
271
290
272
291
273
292
274
293
275
294
276
295
277
296
278
297
279
298
299
1330
281
300
282
301
283
302
284
303
285
304
286
305
287
306
288
307
289
308
290
309
291
310
292
311
293
312
294
313
295
314
296
315
297
316
298
317
299
318
319
1340
301
320
302
321
303
322
304
323
305
324
306
325
307
326
308
327
309
328
310
329
311
330
312
331
313
332
314
333
315
334
316
335
317
336
318
337
319
338
339
1350
321
340
322
341
323
342
324
343
325
344
326
345
327
346
328
347
329
348
330
349
331
350
332
351
333
352
334
353
335
354
336
355
337
356
338
357
339
358
359
1360
341
360
342
361
343
362
344
363
345
364
346
365
347
366
348
367
349
368
350
369
351
370
352
371
353
372
354
373
355
374
356
375
357
376
358
377
359
378
379
1370
361
380
362
381
363
382
364
383
365
384
366
385
367
386
368
387
369
388
370
389
371
390
372
391
373
392
374
393
375
394
376
395
377
396
378
397
379
398
399
1380
381
400
382
401
383
402
384
403
385
404
386
405
387
406
388
407
389
408
390
409
391
410
392
411
393
412
394
413
395
414
396
415
397
416
398
417
399
418
419
1390
401
420
402
421
403
422
404
423
405
424
406
425
407
426
408
427
409
428
410
429
411
430
412
431
413
432
414
433
415
434
416
435
417
436
418
437
419
438
439
1500
421
440
422
441
423
442
424
443
425
444
426
445
427
446
428
447
429
448
430
449
431
450
432
451
433
452
434
453
435
454
436
455
437
456
438
457
439
458
459
1510
441
460
442
461
443
462
444
463
445
464
446
465
447
466
448
467
449
468
450
469
451
470
452
471
453
472
454
473
455
474
456
475
457
476
458
477
459
478
479
1520
461
480
462
481
463
482
464
483
465
484
466
485
467
486
468
487
469
488
470
489
471
490
472
491
473
492
474
493
475
494
476
495
477
496
478
497
479
498
499
1530
481
500
482
501
483
502
484
503
485
504
486
505
487
506
488
507
489
508
490
509
491
510
492
511
493
512
494
513
495
514
496
515
497
516
498
517
499
518
519
1540
501
520
502
521
503
522
504
523
505
524
506
525
507
526
508
527
509
528
510
529
511
530
512
531
513
532
514
533
515
534
516
535
517
536
518
537
519
538
539
1550
521
540
522
541
523
542
524
543
525
544
526
545
527
546
528
547
529
548
530
549
531
550
532
551
533
552
534
553
535
554
536
555
537
556
538
557
539
558
559
1560
541
560
542
561
543
562
544
563
545
564
546
565
547
566
548
567
549
568
550
569
551
570
552
571
553
572
554
573
555
574
556
575
557
576
558
577
559
578
579
1570
561
580
562
581
563
582
564
583
565
584
566
585
567
586
568
587
569
588
570
589
571
590
572
591
573
592
574
593
575
594
576
595
577
596
578
597
579
598
599
1580
581
600
582
601
583
602
584
603
585
604
586
605
587
606
588
607
589
608
590
609
591
610
592
611
593
612
594
613
595
614
596
615
597
616
598
617
599
618
619
1590
601
620
602
621
603
622
604
623
605
624
606
625
607
626
608
627
609
628
610
629
611
630
612
631
613
632
614
633
615
634
616
635
617
636
618
637
619
638
639
1600
621
640
622
641
623
642
624
643
625
644
626
645
627
646
628
647
629
648
630
649
631
650
632
651
633
652
634
653
635
654
636
655
637
656
638
657
639
658
659
1610
641
660
642
661
643
662
644
663
645
664
646
665
647
666
648
667
649
668
650
669
651
670
652
671
653
672
654
673
655
674
656
675
657
676
658
677
659
678
679
1620
661
680
662
681
663
682
664
683
665
684
666
685
667
686
668
687
669
688
670
689
671
690
672
691
673
692
674
693
675
694
676
695
677
696
678
697
679
698
699
1630
681
700
682
701
683
702
684
703
685
704
686
705
687
706
688
707
689
708
690
709
691
710
692
711
693
712
694
713
695
714
696
715
697
716
698
717
699
718
719
1640
701
720
702
721
703
722
704
723
705
724
706
725
707
726
708
727
709
728
710
729
711
730
712
731
713
732
714
733
715
734
716
735
717
736
718
737
719
738
739
1650
721
740
722
741
723
742
724
743
725
744
726
745
727
746
728
747
729
748
730
749
731
750
732
751
733
752
734
753
735
754
736
755
737
756
738
757
739
758
759
1660
741
760
742
761
743
762
744
763
745
764
746
765
747
766
748
767
749
768
750
769
751
770
752
771
753
772
754
773
755
774
756
775
757
776
758
777
759
778
779
1670
761
780
762
781
763
782
764
783
765
784
766
785
767
786
768
787
769
788
770
789
771
790
772
791
773
792
774
793
775
794
776
795
777
796
778
797
779
798
799
1680
781
800
782
801
783
802
784
803
785
804
786
805
787
806
788
807
789
808
790
809
791
810
792
811
793
812
794
813
795
814
796
815
797
816
798
817
799
818
819
1690
801
820
802
821
803
822
804
823
805
824
806
825
807
826
808
827
809
828
810
829
811
830
812
831
813
832
814
833
815
834
816
835
817
836
818
837
819
838
839
1800
821
840
822
841
823
842
824
843
825
844
826
845
827
846
828
847
829
848
830
849
831
850
832
851
833
852
834
853
835
854
836
855
837
856
838
857
839
858
859
1810
841
860
842
861
843
862
844
863
845
864
846
865
847
866
848
867
849
868
850
869
851
870
852
871
853
872
854
873
855
874
856
875
857
876
858
877
859
878
879
1820
861
880
862
881
863
882
864
883
865
884
866
885
867
886
868
887
869
888
870
889
871
890
872
891
873
892
874
893
875
894
876
895
877
896
878
897
879
898
899
1830
881
900
882
901
883
902
884
903
885
904
886
905
887
906
888
907
889
908
890
909
891
910
892
911
893
912
894
913
895
914
896
915
897
916
898
917
899
918
919
1840
901
920
902
921
903
922
904
923
905
924
906
925
907
926
908
927
909
928
910
929
911
930
912
931
913
932
914
933
915
934
916
935
917
936
918
937
919
938
939
1850
921
940
922
941
923
942
924
943
925
944
926
945
927
946
928
947
929
948
930
949
931
950
932
951
933
952
934
953
935
954
936
955
937
956
938
957
939
958
959
1860
941
960
942
961
943
962
944
963
945
964
946
965
947
966
948
967
949
968
950
969
951
970
952
971
953
972
954
973
955
974
956
975
957
976
958
977
959
978
979
1870
961
980
962
981
963
982
964
983
965
984
966
985
967
986
968
987
969
988
970
989
971
990
972
991
973
992
974
993
975
994
976
995
977
996
978
997
979
998
999
1880
981
1000
982
1001
983
1002
984
1003
985
1004
986
1005
987
1006
988
1007
989
1008
990
1009
991
1010
992
1011
993
1012
994
1013
995
1014
996
1015
997
1016
998
1017
999
1018
1019
1890
1001
1020
1002
1021
1003
1022
1004
1023
1005
1024
1006
1025
1007
1026
1008
1027
1009
1028
1010
1029
1011
1030
1012
1031
1013
1032
1014
1033
1015
1034
1016
1035
1017
1036
1018
1037
1019
1038
1039
1900
1021
1040
1022
1041
1023
1042
1024
1043
1025
1044
1026
1045
1027
1046
1028
1047
1029
1048
1030
1049
1031
1050
1032
1051
1033
1052
1034
1053
1035
1054
1036
1055
1037
1056
1038
1057
1039
1058
1059
1910
1041
1060
1042
1061
1043
1062
1044
1063
1045
1064
1046
1065
1047
1066
1048
1067
1049
1068
1050
1069
1051
1070
1052
1071
1053
1072
1054
1073
1055
1074
1056
1075
1057
1076
1058
1077
1059
1078
1079
1920
1061
1080
1062
1081
1063
1082
1064
1083
1065
1084
1066
1085
1067
1086
1068
1087
1069
1088
1070
1089
1071
1090
1072
1091
1073
1092
1074
1093
1075
1094
1076
1095
1077
1096
1078
1097
1079
1098
1099
1930
1081
1100
1082
1101
1083
1102
1084
1103
1085
1104
1086
1105
1087
1106
1088
1107
1089
1108
1090
1109
1091
1110
1092
1111
1093
1112
1094
1113
1095
1114
1096
1115
1097
1116
1098
1117
1099
1118
1119
1940
1101
1120
1102
1121
1103
1122
1104
1123
1105
1124
1106
1125
1107
1126
1108
1127
1109
1128
1110
1129
1111
1130
1112
1131
1113
1132
1114
1133
1115
1134
1116
1135
1117
1136
1118
1137
1119
1138
1139
1950
1121
1140
1122
1141
1123
1142
1124
1143
1125
1144
1126
1145
1127
1146
1128
1147
1129
1148
1130
1149
1131
1150
1132
1151
1133
1152
1134
1153
1135
1154
1136
1155
1137
1156
1138
1157
1139
1158
1159
1960
1141
1160
1142
1161
1143
1162
1144
1163
1145
1164
1146
1165
1147
1166
1148
1167
1149
1168
1150
1169
1151
1170
1152
1171
1153
1172
1154
1173
1155
1174
1156
1175
1157
1176
1158
1177
1159
1178
1179
1970
1161
1180
1162
1181
1163
1182
1164
1183
1165
1184
1166
1185
1167
1186
1168
1187
1169
1188
1170
1189
1171
1190
1172
1191
1173
1192
1174
1193
1175
1194
1176
1195
1177
1196
1178
1197
1179
1198
1199
1980
1181
1182
1183
1184
1185
1186
1187
1188
1189
1190
1191
1192
1193
1194
1195
1196
1197
1198
1199
1990
1201
1210
1202
1211
1203
1212
1204
1213
1205
1214
1206
1215
1207
1216
1208
1217
1209
1218
1219
2400
1211
1220
1212
1221
1213
1222
1214
1223
1215
1224
1216
1225
1217
1226
1218
1227
1219
1228
1229
2410
1221
1230
1222
1231
1223
1232
1224
1233
1225
1234
1226
1235
1227
1236
1228
1237
1229
1238
1239
2420
1231
1240
1232
1241
1233
1242
1234
1243
1235
1244
1236
1245
1237
1246
1238
1247
1239
1248
1249
2430
1241
1250
1242
1251
1243
1252
1244
1253
1245
1254
1246
1255
1247
1256
1248
1257
1249
1258
1259
2440
1251
1260
1252
1261
1253
1262
1254
1263
1255
1264
1256
1265
1257
1266
1258
1267
1259
1268
1269
2450
1261
1270
1262
1271
1263
1272
1264
1273
1265
1274
1266
1275
1267
1276
1268
1277
1269
1278
1279
2460
1271
1280
1272
1281
1273
1282
1274
1283
1275
1284
1276
1285
1277
1286
1278
1287
1279
1288
1289
2470
1281
1290
1282
1291
1283
1292
1284
1293
1285
1294
1286
1295
1287
1296
1288
1297
1289
1298
1299
2480
1291
1300
1292
1301
1293
1302
1294
1303
1295
1304
1296
1305
1297
1306
1298
1307
1299
1308
1309
2490
1301
1310
1302
1311
1303
1312
1304
1313
1305
1314
1306
1315
1307
1316
1308
1317
1309
1318
1319
2500
1311
1320
1312
1321
1313
1322
1314
1323
1315
1324
1316
1325
1317
1326
1318
1327
1319
1328
1329
2510
1321
1330
1322
1331
1323
1332
1324
1333
1325
1334
1326
1335
1327
1336
1328
1337
1329
1338
1339
2520
1331
1340
1332
1341
1333
1342
1334
1343
1335
1344
1336
1345
1337
1346
1338
1347
1339
1348
1349
2530
1341
1350
1342
1351
1343
1352
1344
1353
1345
1354
1346
1355
1347
1356
1348
1357
1349
1358
1359
2540
1351
1360
1352
1361
1353
1362
1354
1363
1355
1364
1356
1365
1357
1366
1358
1367
1359
1368
1369
2550
1361
1370
1362
1371
1363
1372
1364
1373
1365
1374
1366
1375
1367
1376
1368
1377
1369
1378
1379
2560
1371
1380
1372
1381
1373
1382
1374
1383
1375
1384
1376
1385
1377
1386
1378
1387
1379
1388
1389
2570
1381
1390
1382
1391
1383
1392
1384
1393
1385
1394
1386
1395
1387
1396
1388
1397
1389
1398
1399
2580
1391
1400
1392
1401
1393
1402
1394
1403
1395
1404
1396
1405
1397
1406
1398
1407
1399
1408
1409
2590
1401
1410
1500
1402
1411
1403
1412
1404
1413
1405
1414
1406
1415
1407
1416
1408
1417
1409
1418
1419
2000
1411
1420
1501
1412
1421
1413
1422
1414
1423
1415
1424
1416
1425
1417
1426
1418
1427
1419
1428
1429
2010
1421
1430
1502
1422
1431
1423
1432
1424
1433
1425
1434
1426
1435
1427
1436
1428
1437
1429
1438
1439
2020
1431
1440
1503
1432
1441
1433
1442
1434
1443
1435
1444
1436
1445
1437
1446
1438
1447
1439
1448
1449
2030
1441
1450
1504
1442
1451
1443
1452
1444
1453
1445
1454
1446
1455
1447
1456
1448
1457
1449
1458
1459
2040
1451
1460
1505
1452
1461
1453
1462
1454
1463
1455
1464
1456
1465
1457
1466
1458
1467
1459
1468
1469
2050
1461
1470
1506
1462
1471
1463
1472
1464
1473
1465
1474
1466
1475
1467
1476
1468
1477
1469
1478
1479
2060
1471
1480
1507
1472
1481
1473
1482
1474
1483
1475
1484
1476
1485
1477
1486
1478
1487
1479
1488
1489
2070
1481
1490
1508
1482
1491
1483
1492
1484
1493
1485
1494
1486
1495
1487
1496
1488
1497
1489
1498
1499
2080
1491
1509
1492
1493
1494
1495
1496
1497
1498
1499
2090
1501
1510
1502
1511
1503
1512
1504
1513
1505
1514
1506
1515
1507
1516
1508
1517
1509
1518
1519
1511
1520
1512
1521
1513
1522
1514
1523
1515
1524
1516
1525
1517
1526
1518
1527
1519
1528
1529
1521
1530
1522
1531
1523
1532
1524
1533
1525
1534
1526
1535
1527
1536
1528
1537
1529
1538
1539
1531
1540
1532
1541
1533
1542
1534
1543
1535
1544
1536
1545
1537
1546
1538
1547
1539
1548
1549
1541
1550
1542
1551
1543
1552
1544
1553
1545
1554
1546
1555
1547
1556
1548
1557
1549
1558
1559
1551
1560
1552
1561
1553
1562
1554
1563
1555
1564
1556
1565
1557
1566
1558
1567
1559
1568
1569
1561
1570
1562
1571
1563
1572
1564
1573
1565
1574
1566
1575
1567
1576
1568
1577
1569
1578
1579
1571
1580
1572
1581
1573
1582
1574
1583
1575
1584
1576
1585
1577
1586
1578
1587
1579
1588
1589
1581
1590
1582
1591
1583
1592
1584
1593
1585
1594
1586
1595
1587
1596
1588
1597
1589
1598
1599
1591
1600
1592
1601
1593
1602
1594
1603
1595
1604
1596
1605
1597
1606
1598
1607
1599
1608
1609
1601
1610
1602
1611
1603
1612
1604
1613
1605
1614
1606
1615
1607
1616
1608
1617
1609
1618
1619
1611
1620
1612
1621
1613
1622
1614
1623
1615
1624
1616
1625
1617
1626
1618
1627
1619
1628
1629
1621
1630
1622
1631
1623
1632
1624
1633
1625
1634
1626
1635
1627
1636
1628
1637
1629
1638
1639
1631
1640
1632
1641
1633
1642
1634
1643
1635
1644
1636
1645
1637
1646
1638
1647
1639
1648
1649
1641
1650
1642
1651
1643
1652
1644
1653
1645
1654
1646
1655
1647
1656
1648
1657
1649
1658
1659
1651
1660
1652
1661
1653
1662
1654
1663
1655
1664
1656
1665
1657
1666
1658
1667
1659
1668
1669
1661
1670
1662
1671
1663
1672
1664
1673
1665
1674
1666
1675
1667
1676
1668
1677
1669
1678
1679
1671
1680
1672
1681
1673
1682
1674
1683
1675
1684
1676
1685
1677
1686
1678
1687
1679
1688
1689
1681
1690
1682
1691
1683
1692
1684
1693
1685
1694
1686
1695
1687
1696
1688
1697
1689
1698
1699
1691
1709
1692
1719
1693
1729
1694
1739
1695
1749
1696
1759
1697
1769
1698
1779
1699
1789
1799
1701
1710
1809
2390
1702
1711
1808
1703
1712
1807
1704
1713
1806
1705
1714
1805
1706
1715
1804
1707
1716
1803
1708
1717
1802
1709
1718
1801
1719
1800
1711
1720
2380
1712
1721
1713
1722
1714
1723
1715
1724
1716
1725
1717
1726
1718
1727
1719
1728
1729
1721
1730
2370
1722
1731
1723
1732
1724
1733
1725
1734
1726
1735
1727
1736
1728
1737
1729
1738
1739
1731
1740
2360
1732
1741
1733
1742
1734
1743
1735
1744
1736
1745
1737
1746
1738
1747
1739
1748
1749
1741
1750
2350
1742
1751
1743
1752
1744
1753
1745
1754
1746
1755
1747
1756
1748
1757
1749
1758
1759
1751
1760
2340
1752
1761
1753
1762
1754
1763
1755
1764
1756
1765
1757
1766
1758
1767
1759
1768
1769
1761
1770
2330
1762
1771
1763
1772
1764
1773
1765
1774
1766
1775
1767
1776
1768
1777
1769
1778
1779
1771
1780
2320
1772
1781
1773
1782
1774
1783
1775
1784
1776
1785
1777
1786
1778
1787
1779
1788
1789
1781
1790
2310
1782
1791
1783
1792
1784
1793
1785
1794
1786
1795
1787
1796
1788
1797
1789
1798
1799
1791
2300
1792
1793
1794
1795
1796
1797
1798
1799
1801
1810
1802
1811
1803
1812
1804
1813
1805
1814
1806
1815
1807
1816
1808
1817
1809
1818
1819
2600
1811
1820
1812
1821
1813
1822
1814
1823
1815
1824
1816
1825
1817
1826
1818
1827
1819
1828
1829
2610
1821
1830
1822
1831
1823
1832
1824
1833
1825
1834
1826
1835
1827
1836
1828
1837
1829
1838
1839
2620
1831
1840
1832
1841
1833
1842
1834
1843
1835
1844
1836
1845
1837
1846
1838
1847
1839
1848
1849
2630
1841
1850
1842
1851
1843
1852
1844
1853
1845
1854
1846
1855
1847
1856
1848
1857
1849
1858
1859
2640
1851
1860
1852
1861
1853
1862
1854
1863
1855
1864
1856
1865
1857
1866
1858
1867
1859
1868
1869
2650
1861
1870
1862
1871
1863
1872
1864
1873
1865
1874
1866
1875
1867
1876
1868
1877
1869
1878
1879
2660
1871
1880
1872
1881
1873
1882
1874
1883
1875
1884
1876
1885
1877
1886
1878
1887
1879
1888
1889
2670
1881
1890
1882
1891
1883
1892
1884
1893
1885
1894
1886
1895
1887
1896
1888
1897
1889
1898
1899
2680
1891
1900
1892
1901
1893
1902
1894
1903
1895
1904
1896
1905
1897
1906
1898
1907
1899
1908
1909
2690
1901
1910
1902
1911
1903
1912
1904
1913
1905
1914
1906
1915
1907
1916
1908
1917
1909
1918
1919
2700
1911
1920
1912
1921
1913
1922
1914
1923
1915
1924
1916
1925
1917
1926
1918
1927
1919
1928
1929
2710
1921
1930
1922
1931
1923
1932
1924
1933
1925
1934
1926
1935
1927
1936
1928
1937
1929
1938
1939
2720
1931
1940
1932
1941
1933
1942
1934
1943
1935
1944
1936
1945
1937
1946
1938
1947
1939
1948
1949
2730
1941
1950
1942
1951
1943
1952
1944
1953
1945
1954
1946
1955
1947
1956
1948
1957
1949
1958
1959
2740
1951
1960
1952
1961
1953
1962
1954
1963
1955
1964
1956
1965
1957
1966
1958
1967
1959
1968
1969
2750
1961
1970
1962
1971
1963
1972
1964
1973
1965
1974
1966
1975
1967
1976
1968
1977
1969
1978
1979
2760
1971
1980
1972
1981
1973
1982
1974
1983
1975
1984
1976
1985
1977
1986
1978
1987
1979
1988
1989
2770
1981
1990
1982
1991
1983
1992
1984
1993
1985
1994
1986
1995
1987
1996
1988
1997
1989
1998
1999
2780
1991
1992
1993
1994
1995
1996
1997
1998
1999
2790
2001
2010
2590
2002
2011
2591
2003
2012
2592
2004
2013
2593
2005
2014
2594
2006
2015
2595
2007
2016
2596
2008
2017
2597
2009
2018
2598
2019
2109
2599
2011
2020
2012
2021
2013
2022
2014
2023
2015
2024
2016
2025
2017
2026
2018
2027
2019
2028
2029
2108
2021
2030
2022
2031
2023
2032
2024
2033
2025
2034
2026
2035
2027
2036
2028
2037
2029
2038
2039
2107
2031
2040
2032
2041
2033
2042
2034
2043
2035
2044
2036
2045
2037
2046
2038
2047
2039
2048
2049
2106
2041
2050
2042
2051
2043
2052
2044
2053
2045
2054
2046
2055
2047
2056
2048
2057
2049
2058
2059
2105
2051
2060
2052
2061
2053
2062
2054
2063
2055
2064
2056
2065
2057
2066
2058
2067
2059
2068
2069
2104
2061
2070
2062
2071
2063
2072
2064
2073
2065
2074
2066
2075
2067
2076
2068
2077
2069
2078
2079
2103
2071
2080
2072
2081
2073
2082
2074
2083
2075
2084
2076
2085
2077
2086
2078
2087
2079
2088
2089
2102
2081
2090
2082
2091
2083
2092
2084
2093
2085
2094
2086
2095
2087
2096
2088
2097
2089
2098
2099
2101
2091
2092
2093
2094
2095
2096
2097
2098
2099
2100
2101
2110
2102
2111
2103
2112
2104
2113
2105
2114
2106
2115
2107
2116
2108
2117
2109
2118
2119
3200
2111
2120
2112
2121
2113
2122
2114
2123
2115
2124
2116
2125
2117
2126
2118
2127
2119
2128
2129
3220
2121
2130
2122
2131
2123
2132
2124
2133
2125
2134
2126
2135
2127
2136
2128
2137
2129
2138
2139
3240
2131
2140
2132
2141
2133
2142
2134
2143
2135
2144
2136
2145
2137
2146
2138
2147
2139
2148
2149
3260
2141
2150
2142
2151
2143
2152
2144
2153
2145
2154
2146
2155
2147
2156
2148
2157
2149
2158
2159
3280
2151
2160
2152
2161
2153
2162
2154
2163
2155
2164
2156
2165
2157
2166
2158
2167
2159
2168
2169
3300
2161
2170
2162
2171
2163
2172
2164
2173
2165
2174
2166
2175
2167
2176
2168
2177
2169
2178
2179
3320
2171
2180
2172
2181
2173
2182
2174
2183
2175
2184
2176
2185
2177
2186
2178
2187
2179
2188
2189
3340
2181
2190
2182
2191
2183
2192
2184
2193
2185
2194
2186
2195
2187
2196
2188
2197
2189
2198
2199
3360
2191
2200
2192
2201
2193
2202
2194
2203
2195
2204
2196
2205
2197
2206
2198
2207
2199
2208
2209
3380
2201
2210
2202
2211
2203
2212
2204
2213
2205
2214
2206
2215
2207
2216
2208
2217
2209
2218
2219
3400
2211
2220
2212
2221
2213
2222
2214
2223
2215
2224
2216
2225
2217
2226
2218
2227
2219
2228
2229
3420
2221
2230
2222
2231
2223
2232
2224
2233
2225
2234
2226
2235
2227
2236
2228
2237
2229
2238
2239
3440
2231
2240
2232
2241
2233
2242
2234
2243
2235
2244
2236
2245
2237
2246
2238
2247
2239
2248
2249
3460
2241
2250
2242
2251
2243
2252
2244
2253
2245
2254
2246
2255
2247
2256
2248
2257
2249
2258
2259
3480
2251
2260
2252
2261
2253
2262
2254
2263
2255
2264
2256
2265
2257
2266
2258
2267
2259
2268
2269
3500
2261
2270
2262
2271
2263
2272
2264
2273
2265
2274
2266
2275
2267
2276
2268
2277
2269
2278
2279
3520
2271
2280
2272
2281
2273
2282
2274
2283
2275
2284
2276
2285
2277
2286
2278
2287
2279
2288
2289
3540
2281
2290
2282
2291
2283
2292
2284
2293
2285
2294
2286
2295
2287
2296
2288
2297
2289
2298
2299
3560
2291
2309
2292
2319
2293
2329
2294
2339
2295
2349
2296
2359
2297
2369
2298
2379
2299
2389
2399
3580
2301
2310
2302
2311
2303
2312
2304
2313
2305
2314
2306
2315
2307
2316
2308
2317
2309
2318
2319
2311
2320
2312
2321
2313
2322
2314
2323
2315
2324
2316
2325
2317
2326
2318
2327
2319
2328
2329
2321
2330
2322
2331
2323
2332
2324
2333
2325
2334
2326
2335
2327
2336
2328
2337
2329
2338
2339
2331
2340
2332
2341
2333
2342
2334
2343
2335
2344
2336
2345
2337
2346
2338
2347
2339
2348
2349
2341
2350
2342
2351
2343
2352
2344
2353
2345
2354
2346
2355
2347
2356
2348
2357
2349
2358
2359
2351
2360
2352
2361
2353
2362
2354
2363
2355
2364
2356
2365
2357
2366
2358
2367
2359
2368
2369
2361
2370
2362
2371
2363
2372
2364
2373
2365
2374
2366
2375
2367
2376
2368
2377
2369
2378
2379
2371
2380
2372
2381
2373
2382
2374
2383
2375
2384
2376
2385
2377
2386
2378
2387
2379
2388
2389
2381
2390
2382
2391
2383
2392
2384
2393
2385
2394
2386
2395
2387
2396
2388
2397
2389
2398
2399
2391
2600
2392
2601
2393
2602
2394
2603
2395
2604
2396
2605
2397
2606
2398
2607
2399
2608
2609
2401
2410
2402
2411
2403
2412
2404
2413
2405
2414
2406
2415
2407
2416
2408
2417
2409
2418
2419
2819
2411
2420
2412
2421
2413
2422
2414
2423
2415
2424
2416
2425
2417
2426
2418
2427
2419
2428
2429
2818
2421
2430
2422
2431
2423
2432
2424
2433
2425
2434
2426
2435
2427
2436
2428
2437
2429
2438
2439
2817
2431
2440
2432
2441
2433
2442
2434
2443
2435
2444
2436
2445
2437
2446
2438
2447
2439
2448
2449
2816
2441
2450
2442
2451
2443
2452
2444
2453
2445
2454
2446
2455
2447
2456
2448
2457
2449
2458
2459
2815
2451
2460
2452
2461
2453
2462
2454
2463
2455
2464
2456
2465
2457
2466
2458
2467
2459
2468
2469
2814
2461
2470
2462
2471
2463
2472
2464
2473
2465
2474
2466
2475
2467
2476
2468
2477
2469
2478
2479
2813
2471
2480
2472
2481
2473
2482
2474
2483
2475
2484
2476
2485
2477
2486
2478
2487
2479
2488
2489
2812
2481
2490
2482
2491
2483
2492
2484
2493
2485
2494
2486
2495
2487
2496
2488
2497
2489
2498
2499
2811
2491
2500
2492
2501
2493
2502
2494
2503
2495
2504
2496
2505
2497
2506
2498
2507
2499
2508
2509
2810
2501
2510
2502
2511
2503
2512
2504
2513
2505
2514
2506
2515
2507
2516
2508
2517
2509
2518
2519
2809
2511
2520
2512
2521
2513
2522
2514
2523
2515
2524
2516
2525
2517
2526
2518
2527
2519
2528
2529
2808
2521
2530
2522
2531
2523
2532
2524
2533
2525
2534
2526
2535
2527
2536
2528
2537
2529
2538
2539
2807
2531
2540
2532
2541
2533
2542
2534
2543
2535
2544
2536
2545
2537
2546
2538
2547
2539
2548
2549
2806
2541
2550
2542
2551
2543
2552
2544
2553
2545
2554
2546
2555
2547
2556
2548
2557
2549
2558
2559
2805
2551
2560
2552
2561
2553
2562
2554
2563
2555
2564
2556
2565
2557
2566
2558
2567
2559
2568
2569
2804
2561
2570
2562
2571
2563
2572
2564
2573
2565
2574
2566
2575
2567
2576
2568
2577
2569
2578
2579
2803
2571
2580
2572
2581
2573
2582
2574
2583
2575
2584
2576
2585
2577
2586
2578
2587
2579
2588
2589
2802
2581
2590
2582
2591
2583
2592
2584
2593
2585
2594
2586
2595
2587
2596
2588
2597
2589
2598
2599
2801
2591
2592
2593
2594
2595
2596
2597
2598
2599
2800
2601
2610
2602
2611
2603
2612
2604
2613
2605
2614
2606
2615
2607
2616
2608
2617
2609
2618
2619
3600
2611
2620
2612
2621
2613
2622
2614
2623
2615
2624
2616
2625
2617
2626
2618
2627
2619
2628
2629
3620
2621
2630
2622
2631
2623
2632
2624
2633
2625
2634
2626
2635
2627
2636
2628
2637
2629
2638
2639
3640
2631
2640
2632
2641
2633
2642
2634
2643
2635
2644
2636
2645
2637
2646
2638
2647
2639
2648
2649
3660
2641
2650
2642
2651
2643
2652
2644
2653
2645
2654
2646
2655
2647
2656
2648
2657
2649
2658
2659
3680
2651
2660
2652
2661
2653
2662
2654
2663
2655
2664
2656
2665
2657
2666
2658
2667
2659
2668
2669
3700
2661
2670
2662
2671
2663
2672
2664
2673
2665
2674
2666
2675
2667
2676
2668
2677
2669
2678
2679
3720
2671
2680
2672
2681
2673
2682
2674
2683
2675
2684
2676
2685
2677
2686
2678
2687
2679
2688
2689
3740
2681
2690
2682
2691
2683
2692
2684
2693
2685
2694
2686
2695
2687
2696
2688
2697
2689
2698
2699
3760
2691
2700
2692
2701
2693
2702
2694
2703
2695
2704
2696
2705
2697
2706
2698
2707
2699
2708
2709
3780
2701
2710
2702
2711
2703
2712
2704
2713
2705
2714
2706
2715
2707
2716
2708
2717
2709
2718
2719
3800
2711
2720
2712
2721
2713
2722
2714
2723
2715
2724
2716
2725
2717
2726
2718
2727
2719
2728
2729
3820
2721
2730
2722
2731
2723
2732
2724
2733
2725
2734
2726
2735
2727
2736
2728
2737
2729
2738
2739
3840
2731
2740
2732
2741
2733
2742
2734
2743
2735
2744
2736
2745
2737
2746
2738
2747
2739
2748
2749
3860
2741
2750
2742
2751
2743
2752
2744
2753
2745
2754
2746
2755
2747
2756
2748
2757
2749
2758
2759
3880
2751
2760
2752
2761
2753
2762
2754
2763
2755
2764
2756
2765
2757
2766
2758
2767
2759
2768
2769
3900
2761
2770
2762
2771
2763
2772
2764
2773
2765
2774
2766
2775
2767
2776
2768
2777
2769
2778
2779
3920
2771
2780
2772
2781
2773
2782
2774
2783
2775
2784
2776
2785
2777
2786
2778
2787
2779
2788
2789
3940
2781
2790
2782
2791
2783
2792
2784
2793
2785
2794
2786
2795
2787
2796
2788
2797
2789
2798
2799
3960
2791
2792
2793
2794
2795
2796
2797
2798
2799
3980
2801
2820
3200
2802
2821
2803
2822
2804
2823
2805
2824
2806
2825
2807
2826
2808
2827
2809
2828
2810
2829
2811
2830
2812
2831
2813
2832
2814
2833
2815
2834
2816
2835
2817
2836
2818
2837
2819
2838
2839
2821
2840
3201
2822
2841
2823
2842
2824
2843
2825
2844
2826
2845
2827
2846
2828
2847
2829
2848
2830
2849
2831
2850
2832
2851
2833
2852
2834
2853
2835
2854
2836
2855
2837
2856
2838
2857
2839
2858
2859
2841
2860
3202
2842
2861
2843
2862
2844
2863
2845
2864
2846
2865
2847
2866
2848
2867
2849
2868
2850
2869
2851
2870
2852
2871
2853
2872
2854
2873
2855
2874
2856
2875
2857
2876
2858
2877
2859
2878
2879
2861
2880
3203
2862
2881
2863
2882
2864
2883
2865
2884
2866
2885
2867
2886
2868
2887
2869
2888
2870
2889
2871
2890
2872
2891
2873
2892
2874
2893
2875
2894
2876
2895
2877
2896
2878
2897
2879
2898
2899
2881
2900
3204
2882
2901
2883
2902
2884
2903
2885
2904
2886
2905
2887
2906
2888
2907
2889
2908
2890
2909
2891
2910
2892
2911
2893
2912
2894
2913
2895
2914
2896
2915
2897
2916
2898
2917
2899
2918
2919
2901
2920
3205
2902
2921
2903
2922
2904
2923
2905
2924
2906
2925
2907
2926
2908
2927
2909
2928
2910
2929
2911
2930
2912
2931
2913
2932
2914
2933
2915
2934
2916
2935
2917
2936
2918
2937
2919
2938
2939
2921
2940
3206
2922
2941
2923
2942
2924
2943
2925
2944
2926
2945
2927
2946
2928
2947
2929
2948
2930
2949
2931
2950
2932
2951
2933
2952
2934
2953
2935
2954
2936
2955
2937
2956
2938
2957
2939
2958
2959
2941
2960
3207
2942
2961
2943
2962
2944
2963
2945
2964
2946
2965
2947
2966
2948
2967
2949
2968
2950
2969
2951
2970
2952
2971
2953
2972
2954
2973
2955
2974
2956
2975
2957
2976
2958
2977
2959
2978
2979
2961
2980
3208
2962
2981
2963
2982
2964
2983
2965
2984
2966
2985
2967
2986
2968
2987
2969
2988
2970
2989
2971
2990
2972
2991
2973
2992
2974
2993
2975
2994
2976
2995
2977
2996
2978
2997
2979
2998
2999
2981
3000
3209
2982
3001
2983
3002
2984
3003
2985
3004
2986
3005
2987
3006
2988
3007
2989
3008
2990
3009
2991
3010
2992
3011
2993
3012
2994
3013
2995
3014
2996
3015
2997
3016
2998
3017
2999
3018
3019
3001
3020
3210
3002
3021
3003
3022
3004
3023
3005
3024
3006
3025
3007
3026
3008
3027
3009
3028
3010
3029
3011
3030
3012
3031
3013
3032
3014
3033
3015
3034
3016
3035
3017
3036
3018
3037
3019
3038
3039
3021
3040
3211
3022
3041
3023
3042
3024
3043
3025
3044
3026
3045
3027
3046
3028
3047
3029
3048
3030
3049
3031
3050
3032
3051
3033
3052
3034
3053
3035
3054
3036
3055
3037
3056
3038
3057
3039
3058
3059
3041
3060
3212
3042
3061
3043
3062
3044
3063
3045
3064
3046
3065
3047
3066
3048
3067
3049
3068
3050
3069
3051
3070
3052
3071
3053
3072
3054
3073
3055
3074
3056
3075
3057
3076
3058
3077
3059
3078
3079
3061
3080
3213
3062
3081
3063
3082
3064
3083
3065
3084
3066
3085
3067
3086
3068
3087
3069
3088
3070
3089
3071
3090
3072
3091
3073
3092
3074
3093
3075
3094
3076
3095
3077
3096
3078
3097
3079
3098
3099
3081
3100
3214
3082
3101
3083
3102
3084
3103
3085
3104
3086
3105
3087
3106
3088
3107
3089
3108
3090
3109
3091
3110
3092
3111
3093
3112
3094
3113
3095
3114
3096
3115
3097
3116
3098
3117
3099
3118
3119
3101
3120
3215
3102
3121
3103
3122
3104
3123
3105
3124
3106
3125
3107
3126
3108
3127
3109
3128
3110
3129
3111
3130
3112
3131
3113
3132
3114
3133
3115
3134
3116
3135
3117
3136
3118
3137
3119
3138
3139
3121
3140
3216
3122
3141
3123
3142
3124
3143
3125
3144
3126
3145
3127
3146
3128
3147
3129
3148
3130
3149
3131
3150
3132
3151
3133
3152
3134
3153
3135
3154
3136
3155
3137
3156
3138
3157
3139
3158
3159
3141
3160
3217
3142
3161
3143
3162
3144
3163
3145
3164
3146
3165
3147
3166
3148
3167
3149
3168
3150
3169
3151
3170
3152
3171
3153
3172
3154
3173
3155
3174
3156
3175
3157
3176
3158
3177
3159
3178
3179
3161
3180
3218
3162
3181
3163
3182
3164
3183
3165
3184
3166
3185
3167
3186
3168
3187
3169
3188
3170
3189
3171
3190
3172
3191
3173
3192
3174
3193
3175
3194
3176
3195
3177
3196
3178
3197
3179
3198
3199
3181
3219
3182
3183
3184
3185
3186
3187
3188
3189
3190
3191
3192
3193
3194
3195
3196
3197
3198
3199
3201
3220
3202
3221
3203
3222
3204
3223
3205
3224
3206
3225
3207
3226
3208
3227
3209
3228
3210
3229
3211
3230
3212
3231
3213
3232
3214
3233
3215
3234
3216
3235
3217
3236
3218
3237
3219
3238
3239
3221
3240
3222
3241
3223
3242
3224
3243
3225
3244
3226
3245
3227
3246
3228
3247
3229
3248
3230
3249
3231
3250
3232
3251
3233
3252
3234
3253
3235
3254
3236
3255
3237
3256
3238
3257
3239
3258
3259
3241
3260
3242
3261
3243
3262
3244
3263
3245
3264
3246
3265
3247
3266
3248
3267
3249
3268
3250
3269
3251
3270
3252
3271
3253
3272
3254
3273
3255
3274
3256
3275
3257
3276
3258
3277
3259
3278
3279
3261
3280
3262
3281
3263
3282
3264
3283
3265
3284
3266
3285
3267
3286
3268
3287
3269
3288
3270
3289
3271
3290
3272
3291
3273
3292
3274
3293
3275
3294
3276
3295
3277
3296
3278
3297
3279
3298
3299
3281
3300
3282
3301
3283
3302
3284
3303
3285
3304
3286
3305
3287
3306
3288
3307
3289
3308
3290
3309
3291
3310
3292
3311
3293
3312
3294
3313
3295
3314
3296
3315
3297
3316
3298
3317
3299
3318
3319
3301
3320
3302
3321
3303
3322
3304
3323
3305
3324
3306
3325
3307
3326
3308
3327
3309
3328
3310
3329
3311
3330
3312
3331
3313
3332
3314
3333
3315
3334
3316
3335
3317
3336
3318
3337
3319
3338
3339
3321
3340
3322
3341
3323
3342
3324
3343
3325
3344
3326
3345
3327
3346
3328
3347
3329
3348
3330
3349
3331
3350
3332
3351
3333
3352
3334
3353
3335
3354
3336
3355
3337
3356
3338
3357
3339
3358
3359
3341
3360
3342
3361
3343
3362
3344
3363
3345
3364
3346
3365
3347
3366
3348
3367
3349
3368
3350
3369
3351
3370
3352
3371
3353
3372
3354
3373
3355
3374
3356
3375
3357
3376
3358
3377
3359
3378
3379
3361
3380
3362
3381
3363
3382
3364
3383
3365
3384
3366
3385
3367
3386
3368
3387
3369
3388
3370
3389
3371
3390
3372
3391
3373
3392
3374
3393
3375
3394
3376
3395
3377
3396
3378
3397
3379
3398
3399
3381
3400
3382
3401
3383
3402
3384
3403
3385
3404
3386
3405
3387
3406
3388
3407
3389
3408
3390
3409
3391
3410
3392
3411
3393
3412
3394
3413
3395
3414
3396
3415
3397
3416
3398
3417
3399
3418
3419
3401
3420
3402
3421
3403
3422
3404
3423
3405
3424
3406
3425
3407
3426
3408
3427
3409
3428
3410
3429
3411
3430
3412
3431
3413
3432
3414
3433
3415
3434
3416
3435
3417
3436
3418
3437
3419
3438
3439
3421
3440
3422
3441
3423
3442
3424
3443
3425
3444
3426
3445
3427
3446
3428
3447
3429
3448
3430
3449
3431
3450
3432
3451
3433
3452
3434
3453
3435
3454
3436
3455
3437
3456
3438
3457
3439
3458
3459
3441
3460
3442
3461
3443
3462
3444
3463
3445
3464
3446
3465
3447
3466
3448
3467
3449
3468
3450
3469
3451
3470
3452
3471
3453
3472
3454
3473
3455
3474
3456
3475
3457
3476
3458
3477
3459
3478
3479
3461
3480
3462
3481
3463
3482
3464
3483
3465
3484
3466
3485
3467
3486
3468
3487
3469
3488
3470
3489
3471
3490
3472
3491
3473
3492
3474
3493
3475
3494
3476
3495
3477
3496
3478
3497
3479
3498
3499
3481
3500
3482
3501
3483
3502
3484
3503
3485
3504
3486
3505
3487
3506
3488
3507
3489
3508
3490
3509
3491
3510
3492
3511
3493
3512
3494
3513
3495
3514
3496
3515
3497
3516
3498
3517
3499
3518
3519
3501
3520
3502
3521
3503
3522
3504
3523
3505
3524
3506
3525
3507
3526
3508
3527
3509
3528
3510
3529
3511
3530
3512
3531
3513
3532
3514
3533
3515
3534
3516
3535
3517
3536
3518
3537
3519
3538
3539
3521
3540
3522
3541
3523
3542
3524
3543
3525
3544
3526
3545
3527
3546
3528
3547
3529
3548
3530
3549
3531
3550
3532
3551
3533
3552
3534
3553
3535
3554
3536
3555
3537
3556
3538
3557
3539
3558
3559
3541
3560
3542
3561
3543
3562
3544
3563
3545
3564
3546
3565
3547
3566
3548
3567
3549
3568
3550
3569
3551
3570
3552
3571
3553
3572
3554
3573
3555
3574
3556
3575
3557
3576
3558
3577
3559
3578
3579
3561
3580
3562
3581
3563
3582
3564
3583
3565
3584
3566
3585
3567
3586
3568
3587
3569
3588
3570
3589
3571
3590
3572
3591
3573
3592
3574
3593
3575
3594
3576
3595
3577
3596
3578
3597
3579
3598
3599
3581
3600
3582
3601
3583
3602
3584
3603
3585
3604
3586
3605
3587
3606
3588
3607
3589
3608
3590
3609
3591
3610
3592
3611
3593
3612
3594
3613
3595
3614
3596
3615
3597
3616
3598
3617
3599
3618
3619
3601
3620
3602
3621
3603
3622
3604
3623
3605
3624
3606
3625
3607
3626
3608
3627
3609
3628
3610
3629
3611
3630
3612
3631
3613
3632
3614
3633
3615
3634
3616
3635
3617
3636
3618
3637
3619
3638
3639
3621
3640
3622
3641
3623
3642
3624
3643
3625
3644
3626
3645
3627
3646
3628
3647
3629
3648
3630
3649
3631
3650
3632
3651
3633
3652
3634
3653
3635
3654
3636
3655
3637
3656
3638
3657
3639
3658
3659
3641
3660
3642
3661
3643
3662
3644
3663
3645
3664
3646
3665
3647
3666
3648
3667
3649
3668
3650
3669
3651
3670
3652
3671
3653
3672
3654
3673
3655
3674
3656
3675
3657
3676
3658
3677
3659
3678
3679
3661
3680
3662
3681
3663
3682
3664
3683
3665
3684
3666
3685
3667
3686
3668
3687
3669
3688
3670
3689
3671
3690
3672
3691
3673
3692
3674
3693
3675
3694
3676
3695
3677
3696
3678
3697
3679
3698
3699
3681
3700
3682
3701
3683
3702
3684
3703
3685
3704
3686
3705
3687
3706
3688
3707
3689
3708
3690
3709
3691
3710
3692
3711
3693
3712
3694
3713
3695
3714
3696
3715
3697
3716
3698
3717
3699
3718
3719
3701
3720
3702
3721
3703
3722
3704
3723
3705
3724
3706
3725
3707
3726
3708
3727
3709
3728
3710
3729
3711
3730
3712
3731
3713
3732
3714
3733
3715
3734
3716
3735
3717
3736
3718
3737
3719
3738
3739
3721
3740
3722
3741
3723
3742
3724
3743
3725
3744
3726
3745
3727
3746
3728
3747
3729
3748
3730
3749
3731
3750
3732
3751
3733
3752
3734
3753
3735
3754
3736
3755
3737
3756
3738
3757
3739
3758
3759
3741
3760
3742
3761
3743
3762
3744
3763
3745
3764
3746
3765
3747
3766
3748
3767
3749
3768
3750
3769
3751
3770
3752
3771
3753
3772
3754
3773
3755
3774
3756
3775
3757
3776
3758
3777
3759
3778
3779
3761
3780
3762
3781
3763
3782
3764
3783
3765
3784
3766
3785
3767
3786
3768
3787
3769
3788
3770
3789
3771
3790
3772
3791
3773
3792
3774
3793
3775
3794
3776
3795
3777
3796
3778
3797
3779
3798
3799
3781
3800
3782
3801
3783
3802
3784
3803
3785
3804
3786
3805
3787
3806
3788
3807
3789
3808
3790
3809
3791
3810
3792
3811
3793
3812
3794
3813
3795
3814
3796
3815
3797
3816
3798
3817
3799
3818
3819
3801
3820
3802
3821
3803
3822
3804
3823
3805
3824
3806
3825
3807
3826
3808
3827
3809
3828
3810
3829
3811
3830
3812
3831
3813
3832
3814
3833
3815
3834
3816
3835
3817
3836
3818
3837
3819
3838
3839
3821
3840
3822
3841
3823
3842
3824
3843
3825
3844
3826
3845
3827
3846
3828
3847
3829
3848
3830
3849
3831
3850
3832
3851
3833
3852
3834
3853
3835
3854
3836
3855
3837
3856
3838
3857
3839
3858
3859
3841
3860
3842
3861
3843
3862
3844
3863
3845
3864
3846
3865
3847
3866
3848
3867
3849
3868
3850
3869
3851
3870
3852
3871
3853
3872
3854
3873
3855
3874
3856
3875
3857
3876
3858
3877
3859
3878
3879
3861
3880
3862
3881
3863
3882
3864
3883
3865
3884
3866
3885
3867
3886
3868
3887
3869
3888
3870
3889
3871
3890
3872
3891
3873
3892
3874
3893
3875
3894
3876
3895
3877
3896
3878
3897
3879
3898
3899
3881
3900
3882
3901
3883
3902
3884
3903
3885
3904
3886
3905
3887
3906
3888
3907
3889
3908
3890
3909
3891
3910
3892
3911
3893
3912
3894
3913
3895
3914
3896
3915
3897
3916
3898
3917
3899
3918
3919
3901
3920
3902
3921
3903
3922
3904
3923
3905
3924
3906
3925
3907
3926
3908
3927
3909
3928
3910
3929
3911
3930
3912
3931
3913
3932
3914
3933
3915
3934
3916
3935
3917
3936
3918
3937
3919
3938
3939
3921
3940
3922
3941
3923
3942
3924
3943
3925
3944
3926
3945
3927
3946
3928
3947
3929
3948
3930
3949
3931
3950
3932
3951
3933
3952
3934
3953
3935
3954
3936
3955
3937
3956
3938
3957
3939
3958
3959
3941
3960
3942
3961
3943
3962
3944
3963
3945
3964
3946
3965
3947
3966
3948
3967
3949
3968
3950
3969
3951
3970
3952
3971
3953
3972
3954
3973
3955
3974
3956
3975
3957
3976
3958
3977
3959
3978
3979
3961
3980
3962
3981
3963
3982
3964
3983
3965
3984
3966
3985
3967
3986
3968
3987
3969
3988
3970
3989
3971
3990
3972
3991
3973
3992
3974
3993
3975
3994
3976
3995
3977
3996
3978
3997
3979
3998
3999
3981
3982
3983
3984
3985
3986
3987
3988
3989
3990
3991
3992
3993
3994
3995
3996
3997
3998
3999
)


// ************************************************************************* //
